#exp1.1

r_vec <- c(10,10)
p     <- 3
eps   <- .1
n     <- 1000
Omega <- 3
f_num <- 1
n_rep <- 50
