#exp1.1

r_vec <- c(100,100)
p     <- 3
eps   <- .1
n     <- 50
Omega <- 3
f_num <- 1
n_rep <- 50
